#ombh2	omch2	theta_mc	As	ns	sigma8	hlittle
2.71279870026e-08	-1.62632240016e-07	2.26358395055e-10	7.65335273642e-15	4.61379909762e-07	9.37990986508e-07	8.68903187326e-07
-1.62632240016e-07	2.37087224627e-06	-2.12255442745e-09	-7.75110340271e-14	-6.3053437177e-06	-8.00493312569e-06	-1.03582597123e-05
2.26358395055e-10	-2.12255442745e-09	1.08671588585e-11	9.60353783625e-17	7.1903197595e-09	1.3184542559e-08	1.29267816294e-08
7.65335273642e-15	-7.75110340271e-14	9.60353783625e-17	1.04167767702e-20	2.86492625475e-13	1.76171707869e-12	3.66741884367e-13
4.61379909762e-07	-6.3053437177e-06	7.1903197595e-09	2.86492625475e-13	2.62294171407e-05	3.93377682226e-05	2.83018135436e-05
9.37990986508e-07	-8.00493312569e-06	1.3184542559e-08	1.76171707869e-12	3.93377682226e-05	0.000313851907167	4.01607658191e-05
8.68903187326e-07	-1.03582597123e-05	1.29267816294e-08	3.66741884367e-13	2.83018135436e-05	4.01607658191e-05	4.77802507895e-05
